          001   0.1000000E+001   0.0000000E+000   0.2949811E+003   0.9997685E+006   0.1180917E-002   0.9508761E+000   0.2000000E+003   0.1999665E+003   0.1693315E+006   0.0000000E+000   0.1588340E-001   0.3553764E-008   0.1588340E-001   0.1125690E-014   0.2081109E-003   0.1059291E-003   0.0000000E+000   0.0000000E+000   0.0000000E+000   0.1000000E+001          020          020
          002   0.2000000E+001   0.2000000E+003   0.2949622E+003   0.9995371E+006   0.1180720E-002   0.9517554E+000   0.2000000E+003   0.1999330E+003   0.1693315E+006   0.0000000E+000   0.1588340E-001   0.3616613E-008   0.1588340E-001   0.1143702E-014   0.2080761E-003   0.1065385E-003   0.0000000E+000   0.0000000E+000   0.0000000E+000   0.1000000E+001          020          020
          003   0.3000000E+001   0.4000000E+003   0.2949433E+003   0.9993057E+006   0.1180522E-002   0.9526358E+000   0.2000000E+003   0.1998996E+003   0.1693315E+006   0.0000000E+000   0.1588340E-001   0.3681734E-008   0.1588340E-001   0.1162388E-014   0.2080412E-003   0.1071634E-003   0.0000000E+000   0.0000000E+000   0.0000000E+000   0.1000000E+001          020          020
          004   0.4000000E+001   0.6000000E+003   0.2949243E+003   0.9990743E+006   0.1180325E-002   0.9535171E+000   0.2000000E+003   0.1998661E+003   0.1693315E+006   0.0000000E+000   0.1588340E-001   0.3749252E-008   0.1588340E-001   0.1181792E-014   0.2080064E-003   0.1078047E-003   0.0000000E+000   0.0000000E+000   0.0000000E+000   0.1000000E+001          020          020
          005   0.5000000E+001   0.8000000E+003   0.2949054E+003   0.9988430E+006   0.1180127E-002   0.9543993E+000   0.2000000E+003   0.1998327E+003   0.1693315E+006   0.0000000E+000   0.1588340E-001   0.3819303E-008   0.1588340E-001   0.1201955E-014   0.2079716E-003   0.1084631E-003   0.0000000E+000   0.0000000E+000   0.0000000E+000   0.1000000E+001          020          020
          006   0.6000000E+001   0.1000000E+004   0.2948865E+003   0.9986117E+006   0.1179930E-002   0.9552825E+000   0.2000000E+003   0.1997992E+003   0.1693315E+006   0.0000000E+000   0.1588340E-001   0.3892034E-008   0.1588340E-001   0.1222923E-014   0.2079368E-003   0.1091393E-003   0.0000000E+000   0.0000000E+000   0.0000000E+000   0.1000000E+001          020          020
          007   0.7000000E+001   0.1200000E+004   0.2948676E+003   0.9983805E+006   0.1179732E-002   0.9561667E+000   0.2000000E+003   0.1997658E+003   0.1693315E+006   0.0000000E+000   0.1588340E-001   0.3967602E-008   0.1588340E-001   0.1244744E-014   0.2079020E-003   0.1098343E-003   0.0000000E+000   0.0000000E+000   0.0000000E+000   0.1000000E+001          020          020
          008   0.8000000E+001   0.1400000E+004   0.2948487E+003   0.9981493E+006   0.1179534E-002   0.9570518E+000   0.2000000E+003   0.1997323E+003   0.1693315E+006   0.0000000E+000   0.1588340E-001   0.4046178E-008   0.1588340E-001   0.1267471E-014   0.2078672E-003   0.1105489E-003   0.0000000E+000   0.0000000E+000   0.0000000E+000   0.1000000E+001          020          020
          009   0.9000000E+001   0.1600000E+004   0.2948297E+003   0.9979181E+006   0.1179337E-002   0.9579379E+000   0.2000000E+003   0.1996989E+003   0.1693315E+006   0.0000000E+000   0.1588340E-001   0.4127945E-008   0.1588340E-001   0.1291163E-014   0.2078324E-003   0.1112840E-003   0.0000000E+000   0.0000000E+000   0.0000000E+000   0.1000000E+001          020          020
          010   0.1000000E+002   0.1800000E+004   0.2948108E+003   0.9976870E+006   0.1179140E-002   0.9588250E+000   0.2000000E+003   0.1996654E+003   0.1693315E+006   0.0000000E+000   0.1588340E-001   0.4213105E-008   0.1588340E-001   0.1315881E-014   0.2077976E-003   0.1120407E-003   0.0000000E+000   0.0000000E+000   0.0000000E+000   0.1000000E+001          020          020
          011   0.1100000E+002   0.2000000E+004   0.2947919E+003   0.9974559E+006   0.1178942E-002   0.9597131E+000   0.2000000E+003   0.1996320E+003   0.1693315E+006   0.0000000E+000   0.1588340E-001   0.4301875E-008   0.1588340E-001   0.1341694E-014   0.2077628E-003   0.1128202E-003   0.0000000E+000   0.0000000E+000   0.0000000E+000   0.1000000E+001          020          020
          012   0.1200000E+002   0.2200000E+004   0.2947730E+003   0.9972248E+006   0.1178745E-002   0.9606021E+000   0.2000000E+003   0.1995986E+003   0.1693315E+006   0.0000000E+000   0.1588340E-001   0.4394489E-008   0.1588340E-001   0.1368674E-014   0.2077280E-003   0.1136236E-003   0.0000000E+000   0.0000000E+000   0.0000000E+000   0.1000000E+001          020          020
          013   0.1300000E+002   0.2400000E+004   0.2947540E+003   0.9969938E+006   0.1178547E-002   0.9614921E+000   0.2000000E+003   0.1995651E+003   0.1693315E+006   0.0000000E+000   0.1588340E-001   0.4491206E-008   0.1588340E-001   0.1396904E-014   0.2076932E-003   0.1144521E-003   0.0000000E+000   0.0000000E+000   0.0000000E+000   0.1000000E+001          020          020
          014   0.1400000E+002   0.2600000E+004   0.2947351E+003   0.9967628E+006   0.1178350E-002   0.9623830E+000   0.2000000E+003   0.1995317E+003   0.1693315E+006   0.0000000E+000   0.1588340E-001   0.4592306E-008   0.1588340E-001   0.1426471E-014   0.2076584E-003   0.1153072E-003   0.0000000E+000   0.0000000E+000   0.0000000E+000   0.1000000E+001          020          020
          015   0.1500000E+002   0.2800000E+004   0.2947162E+003   0.9965319E+006   0.1178152E-002   0.9632749E+000   0.2000000E+003   0.1994983E+003   0.1693315E+006   0.0000000E+000   0.1588340E-001   0.4698097E-008   0.1588340E-001   0.1457471E-014   0.2076236E-003   0.1161903E-003   0.0000000E+000   0.0000000E+000   0.0000000E+000   0.1000000E+001          020          020
          016   0.1600000E+002   0.3000000E+004   0.2946973E+003   0.9963010E+006   0.1177955E-002   0.9641678E+000   0.2000000E+003   0.1994649E+003   0.1693315E+006   0.0000000E+000   0.1588340E-001   0.4808914E-008   0.1588340E-001   0.1490013E-014   0.2075888E-003   0.1171030E-003   0.0000000E+000   0.0000000E+000   0.0000000E+000   0.1000000E+001          020          020
          017   0.1700000E+002   0.3200000E+004   0.2946784E+003   0.9960701E+006   0.1177758E-002   0.9650617E+000   0.2000000E+003   0.1994315E+003   0.1693315E+006   0.0000000E+000   0.1588339E-001   0.4925129E-008   0.1588340E-001   0.1524211E-014   0.2075541E-003   0.1180472E-003   0.0000000E+000   0.0000000E+000   0.0000000E+000   0.1000000E+001          020          020
          018   0.1800000E+002   0.3400000E+004   0.2946594E+003   0.9958393E+006   0.1177560E-002   0.9659566E+000   0.2000000E+003   0.1993981E+003   0.1693315E+006   0.0000000E+000   0.1588339E-001   0.5047148E-008   0.1588340E-001   0.1560196E-014   0.2075193E-003   0.1190245E-003   0.0000000E+000   0.0000000E+000   0.0000000E+000   0.1000000E+001          020          020
          019   0.1900000E+002   0.3600000E+004   0.2946405E+003   0.9956085E+006   0.1177363E-002   0.9668524E+000   0.2000000E+003   0.1993646E+003   0.1693315E+006   0.0000000E+000   0.1588339E-001   0.5175421E-008   0.1588340E-001   0.1598109E-014   0.2074845E-003   0.1200372E-003   0.0000000E+000   0.0000000E+000   0.0000000E+000   0.1000000E+001          020          020
          020   0.2000000E+002   0.3800000E+004   0.2946216E+003   0.9953778E+006   0.1177166E-002   0.9677492E+000   0.2000000E+003   0.1993312E+003   0.1693315E+006   0.0000000E+000   0.1588339E-001   0.5310445E-008   0.1588340E-001   0.1638110E-014   0.2074498E-003   0.1210874E-003   0.0000000E+000   0.0000000E+000   0.0000000E+000   0.1000000E+001          020          020
          021   0.2100000E+002   0.4000000E+004   0.2946027E+003   0.9951471E+006   0.1176969E-002   0.9686470E+000   0.2000000E+003   0.1992978E+003   0.1693315E+006   0.0000000E+000   0.1588339E-001   0.5452772E-008   0.1588340E-001   0.1680374E-014   0.2074150E-003   0.1221775E-003   0.0000000E+000   0.0000000E+000   0.0000000E+000   0.1000000E+001          020          020
          022   0.2200000E+002   0.4200000E+004   0.2945837E+003   0.9949164E+006   0.1176771E-002   0.9695457E+000   0.2000000E+003   0.1992644E+003   0.1693315E+006   0.0000000E+000   0.1588339E-001   0.5603017E-008   0.1588340E-001   0.1725096E-014   0.2073802E-003   0.1233103E-003   0.0000000E+000   0.0000000E+000   0.0000000E+000   0.1000000E+001          020          020
          023   0.2300000E+002   0.4400000E+004   0.2945648E+003   0.9946858E+006   0.1176574E-002   0.9704455E+000   0.2000000E+003   0.1992311E+003   0.1693315E+006   0.0000000E+000   0.1588339E-001   0.5761864E-008   0.1588340E-001   0.1772496E-014   0.2073455E-003   0.1244886E-003   0.0000000E+000   0.0000000E+000   0.0000000E+000   0.1000000E+001          020          020
          024   0.2400000E+002   0.4600000E+004   0.2945459E+003   0.9944552E+006   0.1176377E-002   0.9713462E+000   0.2000000E+003   0.1991977E+003   0.1693315E+006   0.0000000E+000   0.1588339E-001   0.5930081E-008   0.1588340E-001   0.1822819E-014   0.2073107E-003   0.1257156E-003   0.0000000E+000   0.0000000E+000   0.0000000E+000   0.1000000E+001          020          020
          025   0.2500000E+002   0.4800000E+004   0.2945270E+003   0.9942246E+006   0.1176180E-002   0.9722479E+000   0.2000000E+003   0.1991643E+003   0.1693315E+006   0.0000000E+000   0.1588339E-001   0.6108529E-008   0.1588340E-001   0.1876341E-014   0.2072760E-003   0.1269948E-003   0.0000000E+000   0.0000000E+000   0.0000000E+000   0.1000000E+001          020          020
          026   0.2600000E+002   0.5000000E+004   0.2945081E+003   0.9939941E+006   0.1175983E-002   0.9731506E+000   0.2000000E+003   0.1991309E+003   0.1693315E+006   0.0000000E+000   0.1588339E-001   0.6298180E-008   0.1588340E-001   0.1434861E-013   0.3021121E-002   0.1022907E-003   0.0000000E+000   0.0000000E+000   0.0000000E+000   0.1000000E+001          020          020
          027   0.2700000E+002   0.5200000E+004   0.2944891E+003   0.9937636E+006   0.1175786E-002   0.9740543E+000   0.2000000E+003   0.1990975E+003   0.1693315E+006   0.0000000E+000   0.1588339E-001   0.6500132E-008   0.1588340E-001   0.1480040E-013   0.3020614E-002   0.1034030E-003   0.0000000E+000   0.0000000E+000   0.0000000E+000   0.1000000E+001          020          020
          028   0.2800000E+002   0.5400000E+004   0.2944702E+003   0.9935332E+006   0.1175588E-002   0.9749590E+000   0.2000000E+003   0.1990641E+003   0.1693315E+006   0.0000000E+000   0.1588339E-001   0.6715635E-008   0.1588340E-001   0.1528400E-013   0.3020108E-002   0.1045676E-003   0.0000000E+000   0.0000000E+000   0.0000000E+000   0.1000000E+001          020          020
          029   0.2900000E+002   0.5600000E+004   0.2944513E+003   0.9933028E+006   0.1175391E-002   0.9758647E+000   0.2000000E+003   0.1990308E+003   0.1693315E+006   0.0000000E+000   0.1588339E-001   0.6946113E-008   0.1588340E-001   0.1580284E-013   0.3019602E-002   0.1057890E-003   0.0000000E+000   0.0000000E+000   0.0000000E+000   0.1000000E+001          020          020
          030   0.3000000E+002   0.5800000E+004   0.2944324E+003   0.9930725E+006   0.1175194E-002   0.9767713E+000   0.2000000E+003   0.1989974E+003   0.1693315E+006   0.0000000E+000   0.1588339E-001   0.7193198E-008   0.1588340E-001   0.1636090E-013   0.3019095E-002   0.1070719E-003   0.0000000E+000   0.0000000E+000   0.0000000E+000   0.1000000E+001          020          020
          031   0.3100000E+002   0.6000000E+004   0.2944134E+003   0.9928421E+006   0.1174997E-002   0.9776789E+000   0.2000000E+003   0.1989640E+003   0.1693315E+006   0.0000000E+000   0.1588339E-001   0.7458771E-008   0.1588340E-001   0.1696273E-013   0.3018589E-002   0.1084219E-003   0.0000000E+000   0.0000000E+000   0.0000000E+000   0.1000000E+001          020          020
          032   0.3200000E+002   0.6200000E+004   0.2943945E+003   0.9926119E+006   0.1174800E-002   0.9785876E+000   0.2000000E+003   0.1989307E+003   0.1693315E+006   0.0000000E+000   0.1588339E-001   0.7745009E-008   0.1588340E-001   0.1761362E-013   0.3018083E-002   0.1098451E-003   0.0000000E+000   0.0000000E+000   0.0000000E+000   0.1000000E+001          020          020
          033   0.3300000E+002   0.6400000E+004   0.2943756E+003   0.9923816E+006   0.1174603E-002   0.9794972E+000   0.2000000E+003   0.1988973E+003   0.1693315E+006   0.0000000E+000   0.1588339E-001   0.8054446E-008   0.1588340E-001   0.1831974E-013   0.3017577E-002   0.1113485E-003   0.0000000E+000   0.0000000E+000   0.0000000E+000   0.1000000E+001          020          020
          034   0.3400000E+002   0.6600000E+004   0.2943567E+003   0.9921514E+006   0.1174406E-002   0.9804078E+000   0.2000000E+003   0.1988640E+003   0.1693315E+006   0.0000000E+000   0.1588339E-001   0.8390052E-008   0.1588340E-001   0.1908831E-013   0.3017071E-002   0.1129401E-003   0.0000000E+000   0.0000000E+000   0.0000000E+000   0.1000000E+001          020          020
          035   0.3500000E+002   0.6800000E+004   0.2943378E+003   0.9919213E+006   0.1174209E-002   0.9813194E+000   0.2000000E+003   0.1988306E+003   0.1693315E+006   0.0000000E+000   0.1588339E-001   0.8755330E-008   0.1588340E-001   0.1992784E-013   0.3016565E-002   0.1146290E-003   0.0000000E+000   0.0000000E+000   0.0000000E+000   0.1000000E+001          020          020
          036   0.3600000E+002   0.7000000E+004   0.2943188E+003   0.9916911E+006   0.1174012E-002   0.9822320E+000   0.2000000E+003   0.1987973E+003   0.1693315E+006   0.0000000E+000   0.1588339E-001   0.9154440E-008   0.1588340E-001   0.2084840E-013   0.3016059E-002   0.1164256E-003   0.0000000E+000   0.0000000E+000   0.0000000E+000   0.1000000E+001          020          020
          037   0.3700000E+002   0.7200000E+004   0.2942999E+003   0.9914610E+006   0.1173815E-002   0.9831456E+000   0.2000000E+003   0.1987639E+003   0.1693315E+006   0.0000000E+000   0.1588339E-001   0.9592364E-008   0.1588340E-001   0.2186204E-013   0.3015553E-002   0.1183419E-003   0.0000000E+000   0.0000000E+000   0.0000000E+000   0.1000000E+001          020          020
          038   0.3800000E+002   0.7400000E+004   0.2942810E+003   0.9912310E+006   0.1173619E-002   0.9840602E+000   0.2000000E+003   0.1987306E+003   0.1693315E+006   0.0000000E+000   0.1588339E-001   0.1007512E-007   0.1588340E-001   0.2298323E-013   0.3015047E-002   0.1203920E-003   0.0000000E+000   0.0000000E+000   0.0000000E+000   0.1000000E+001          020          020
          039   0.3900000E+002   0.7600000E+004   0.2942621E+003   0.9910010E+006   0.1173422E-002   0.9849757E+000   0.2000000E+003   0.1986972E+003   0.1693315E+006   0.0000000E+000   0.1588339E-001   0.1061003E-007   0.1588340E-001   0.2422948E-013   0.3014541E-002   0.1225920E-003   0.0000000E+000   0.0000000E+000   0.0000000E+000   0.1000000E+001          020          020
          040   0.4000000E+002   0.7800000E+004   0.2942432E+003   0.9907710E+006   0.1173225E-002   0.9858923E+000   0.2000000E+003   0.1986639E+003   0.1693315E+006   0.0000000E+000   0.1588339E-001   0.1120614E-007   0.1588340E-001   0.2562218E-013   0.3014035E-002   0.1249610E-003   0.0000000E+000   0.0000000E+000   0.0000000E+000   0.1000000E+001          020          020
          041   0.4100000E+002   0.8000000E+004   0.2942242E+003   0.9905411E+006   0.1173028E-002   0.9868098E+000   0.2000000E+003   0.1986306E+003   0.1693315E+006   0.0000000E+000   0.1588339E-001   0.1187470E-007   0.1588340E-001   0.2718762E-013   0.3013530E-002   0.1275214E-003   0.0000000E+000   0.0000000E+000   0.0000000E+000   0.1000000E+001          020          020
          042   0.4200000E+002   0.8200000E+004   0.2942053E+003   0.9903112E+006   0.1172831E-002   0.9877284E+000   0.2000000E+003   0.1985972E+003   0.1693315E+006   0.0000000E+000   0.1588339E-001   0.1262992E-007   0.1588340E-001   0.1580448E-012   0.3206469E-001   0.1040298E-003   0.0000000E+000   0.0000000E+000   0.0000000E+000   0.1000000E+001          020          020
          043   0.4300000E+002   0.8400000E+004   0.2941864E+003   0.9900813E+006   0.1172634E-002   0.9886479E+000   0.2000000E+003   0.1985639E+003   0.1693315E+006   0.0000000E+000   0.1588339E-001   0.1349001E-007   0.1588340E-001   0.1691869E-012   0.3205931E-001   0.1064753E-003   0.0000000E+000   0.0000000E+000   0.0000000E+000   0.1000000E+001          020          020
          044   0.4400000E+002   0.8600000E+004   0.2941675E+003   0.9898515E+006   0.1172438E-002   0.9895684E+000   0.2000000E+003   0.1985306E+003   0.1693315E+006   0.0000000E+000   0.1588339E-001   0.1447866E-007   0.1588340E-001   0.1820313E-012   0.3205393E-001   0.1091628E-003   0.0000000E+000   0.0000000E+000   0.0000000E+000   0.1000000E+001          020          020
          045   0.4500000E+002   0.8800000E+004   0.2941486E+003   0.9896217E+006   0.1172241E-002   0.9904899E+000   0.2000000E+003   0.1984973E+003   0.1693315E+006   0.0000000E+000   0.1588338E-001   0.1562729E-007   0.1588340E-001   0.1969781E-012   0.3204855E-001   0.1121337E-003   0.0000000E+000   0.0000000E+000   0.0000000E+000   0.1000000E+001          020          020
          046   0.4600000E+002   0.9000000E+004   0.2941296E+003   0.9893920E+006   0.1172044E-002   0.9914124E+000   0.2000000E+003   0.1984639E+003   0.1693315E+006   0.0000000E+000   0.1588338E-001   0.1697844E-007   0.1588340E-001   0.2145537E-012   0.3204317E-001   0.1154391E-003   0.0000000E+000   0.0000000E+000   0.0000000E+000   0.1000000E+001          020          020
          047   0.4700000E+002   0.9200000E+004   0.2941107E+003   0.9891623E+006   0.1171847E-002   0.9923358E+000   0.2000000E+003   0.1984306E+003   0.1693315E+006   0.0000000E+000   0.1588338E-001   0.1859115E-007   0.1588340E-001   0.2354600E-012   0.3203779E-001   0.1191423E-003   0.0000000E+000   0.0000000E+000   0.0000000E+000   0.1000000E+001          020          020
          048   0.4800000E+002   0.9400000E+004   0.2940918E+003   0.9889326E+006   0.1171651E-002   0.9932602E+000   0.2000000E+003   0.1983973E+003   0.1693315E+006   0.0000000E+000   0.1588338E-001   0.2054966E-007   0.1588340E-001   0.2606452E-012   0.3203242E-001   0.1233220E-003   0.0000000E+000   0.0000000E+000   0.0000000E+000   0.1000000E+001          020          020
          049   0.4900000E+002   0.9600000E+004   0.2940729E+003   0.9887030E+006   0.1171454E-002   0.9941854E+000   0.2000000E+003   0.1983640E+003   0.1693315E+006   0.0000000E+000   0.1588338E-001   0.2297817E-007   0.1588340E-001   0.2914058E-012   0.3202704E-001   0.1280760E-003   0.0000000E+000   0.0000000E+000   0.0000000E+000   0.1000000E+001          020          020
          050   0.5000000E+002   0.9800000E+004   0.2940540E+003   0.9884734E+006   0.1171257E-002   0.9951116E+000   0.2000000E+003   0.1983307E+003   0.1693315E+006   0.0000000E+000   0.1588337E-001   0.2606695E-007   0.1588340E-001   0.1345478E-011   0.2495724E+000   0.1072321E-003   0.0000000E+000   0.0000000E+000   0.0000000E+000   0.1000000E+001          020          020
          051   0.5100000E+002   0.1000000E+005   0.2940351E+003   0.9882439E+006   0.1171061E-002   0.9960386E+000   0.2000000E+003   0.1982974E+003   0.1693315E+006   0.0000000E+000   0.1588337E-001   0.3012104E-007   0.1588340E-001   0.1553220E-011   0.2495305E+000   0.1125805E-003   0.0000000E+000   0.0000000E+000   0.0000000E+000   0.1000000E+001          020          020
          052   0.5200000E+002   0.1020000E+005   0.2940161E+003   0.9880144E+006   0.1170864E-002   0.9969663E+000   0.2000000E+003   0.1982641E+003   0.1693315E+006   0.0000000E+000   0.1588336E-001   0.3565642E-007   0.1588340E-001   0.1825749E-011   0.2494886E+000   0.1189240E-003   0.0000000E+000   0.0000000E+000   0.0000000E+000   0.1000000E+001          020          020
          053   0.5300000E+002   0.1040000E+005   0.2939972E+003   0.9877849E+006   0.1170667E-002   0.9978945E+000   0.2000000E+003   0.1982308E+003   0.1693315E+006   0.0000000E+000   0.1588336E-001   0.4360289E-007   0.1588340E-001   0.2191099E-011   0.2494467E+000   0.1265151E-003   0.0000000E+000   0.0000000E+000   0.0000000E+000   0.1000000E+001          020          020
          054   0.5400000E+002   0.1060000E+005   0.2939783E+003   0.9875555E+006   0.1170470E-002   0.9988228E+000   0.2000000E+003   0.1981975E+003   0.1693315E+006   0.0000000E+000   0.1588334E-001   0.5576447E-007   0.1588340E-001   0.8486534E-011   0.1430224E+001   0.1105645E-003   0.0000000E+000   0.0000000E+000   0.0000000E+000   0.1000000E+001          020          020
          055   0.5500000E+002   0.1080000E+005   0.2939595E+003   0.9873261E+006   0.1170274E-002   0.9997505E+000   0.2000000E+003   0.1981642E+003   0.1693315E+006   0.0000000E+000   0.1588332E-001   0.7594430E-007   0.1588340E-001   0.1098629E-010   0.1429984E+001   0.1207424E-003   0.0000000E+000   0.0000000E+000   0.0000000E+000   0.1000000E+001          020          020
          056   0.5600000E+002   0.1100000E+005   0.2939406E+003   0.9870967E+006   0.1170077E-002   0.1000676E+001   0.2000000E+003   0.1981308E+003   0.1693315E+006   0.0000000E+000   0.1588329E-001   0.1128747E-006   0.1588340E-001   0.3661760E-010   0.6073758E+001   0.1108887E-003   0.0000000E+000   0.0000000E+000   0.0000000E+000   0.1000000E+001          020          020
          057   0.5700000E+002   0.1120000E+005   0.2939219E+003   0.9868674E+006   0.1169880E-002   0.1001594E+001   0.2000000E+003   0.1980974E+003   0.1693315E+006   0.0000000E+000   0.1588321E-001   0.1880029E-006   0.1588340E-001   0.5316853E-010   0.6072734E+001   0.1260823E-003   0.0000000E+000   0.0000000E+000   0.0000000E+000   0.1000000E+001          020          020
          058   0.5800000E+002   0.1140000E+005   0.2939034E+003   0.9866381E+006   0.1169682E-002   0.1002495E+001   0.2000000E+003   0.1980639E+003   0.1693315E+006   0.0000000E+000   0.1588305E-001   0.3541107E-006   0.1588340E-001   0.1675715E-009   0.1930125E+002   0.1255086E-003   0.0000000E+000   0.0000000E+000   0.0000000E+000   0.1000000E+001          020          020
          059   0.5900000E+002   0.1160000E+005   0.2938853E+003   0.9864089E+006   0.1169482E-002   0.1003354E+001   0.2000000E+003   0.1980301E+003   0.1693315E+006   0.0000000E+000   0.1588268E-001   0.7239794E-006   0.1588340E-001   0.6673661E-009   0.8742274E+002   0.1191347E-003   0.0000000E+000   0.0000000E+000   0.0000000E+000   0.1000000E+001          020          020
          060   0.6000000E+002   0.1180000E+005   0.2938682E+003   0.9861797E+006   0.1169278E-002   0.1004135E+001   0.2000000E+003   0.1979956E+003   0.1693315E+006   0.0000000E+000   0.1588193E-001   0.1470232E-005   0.1588340E-001   0.1505843E-008   0.1316093E+003   0.1368920E-003   0.0000000E+000   0.0000000E+000   0.0000000E+000   0.1000000E+001          020          020
          061   0.6100000E+002   0.1200000E+005   0.2938523E+003   0.9859505E+006   0.1169070E-002   0.1004805E+001   0.2000000E+003   0.1979603E+003   0.1693315E+006   0.0000000E+000   0.1588064E-001   0.2758583E-005   0.1588340E-001   0.3133332E-008   0.1859522E+003   0.1553098E-003   0.0000000E+000   0.0000000E+000   0.0000000E+000   0.1000000E+001          020          020
          062   0.6200000E+002   0.1220000E+005   0.2938379E+003   0.9857214E+006   0.1168855E-002   0.1005341E+001   0.2000000E+003   0.1979239E+003   0.1693315E+006   0.0000000E+000   0.1587871E-001   0.4689775E-005   0.1588340E-001   0.5345809E-008   0.1940240E+003   0.1841224E-003   0.0000000E+000   0.0000000E+000   0.0000000E+000   0.1000000E+001          020          020
          063   0.6300000E+002   0.1240000E+005   0.2938252E+003   0.9854923E+006   0.1168634E-002   0.1005738E+001   0.2000000E+003   0.1978866E+003   0.1693315E+006   0.0000000E+000   0.1587611E-001   0.7290539E-005   0.1588340E-001   0.8304800E-008   0.1939874E+003   0.2148406E-003   0.0000000E+000   0.0000000E+000   0.0000000E+000   0.1000000E+001          020          020
          064   0.6400000E+002   0.1260000E+005   0.2938139E+003   0.9852633E+006   0.1168407E-002   0.1006000E+001   0.2000000E+003   0.1978481E+003   0.1693315E+006   0.0000000E+000   0.1587286E-001   0.1054145E-004   0.1588340E-001   0.1201076E-007   0.1963653E+003   0.2422978E-003   0.0000000E+000   0.0000000E+000   0.0000000E+000   0.1000000E+001          020          020
          065   0.6500000E+002   0.1280000E+005   0.2938041E+003   0.9850343E+006   0.1168175E-002   0.1006139E+001   0.2000000E+003   0.1978088E+003   0.1693315E+006   0.0000000E+000   0.1586902E-001   0.1437799E-004   0.1588340E-001   0.1637860E-007   0.1963263E+003   0.2694941E-003   0.0000000E+000   0.0000000E+000   0.0000000E+000   0.1000000E+001          020          020
          066   0.6600000E+002   0.1300000E+005   0.2937954E+003   0.9848054E+006   0.1167938E-002   0.1006175E+001   0.2000000E+003   0.1977686E+003   0.1693315E+006   0.0000000E+000   0.1586469E-001   0.1871324E-004   0.1588340E-001   0.2131263E-007   0.1962864E+003   0.2947338E-003   0.0000000E+000   0.0000000E+000   0.0000000E+000   0.1000000E+001          020          020
          067   0.6700000E+002   0.1320000E+005   0.2937877E+003   0.9845765E+006   0.1167697E-002   0.1006126E+001   0.2000000E+003   0.1977279E+003   0.1693315E+006   0.0000000E+000   0.1585995E-001   0.2345079E-004   0.1588340E-001   0.2670269E-007   0.1962460E+003   0.3180915E-003   0.0000000E+000   0.0000000E+000   0.0000000E+000   0.1000000E+001          020          020
          068   0.6800000E+002   0.1340000E+005   0.2937807E+003   0.9843476E+006   0.1167453E-002   0.1006014E+001   0.2000000E+003   0.1976866E+003   0.1693315E+006   0.0000000E+000   0.1585491E-001   0.2849442E-004   0.1588340E-001   0.3243893E-007   0.1962050E+003   0.3396641E-003   0.0000000E+000   0.0000000E+000   0.0000000E+000   0.1000000E+001          020          020
          069   0.6900000E+002   0.1360000E+005   0.2937742E+003   0.9841188E+006   0.1167208E-002   0.1005856E+001   0.2000000E+003   0.1976450E+003   0.1693315E+006   0.0000000E+000   0.1584964E-001   0.3375514E-004   0.1588340E-001   0.3841984E-007   0.1961637E+003   0.3595672E-003   0.0000000E+000   0.0000000E+000   0.0000000E+000   0.1000000E+001          020          020
          070   0.7000000E+002   0.1380000E+005   0.2937681E+003   0.9838901E+006   0.1166961E-002   0.1005670E+001   0.2000000E+003   0.1976032E+003   0.1693315E+006   0.0000000E+000   0.1584424E-001   0.3915556E-004   0.1588340E-001   0.4455722E-007   0.1961222E+003   0.3779288E-003   0.0000000E+000   0.0000000E+000   0.0000000E+000   0.1000000E+001          020          020
          071   0.7100000E+002   0.1400000E+005   0.2937621E+003   0.9836614E+006   0.1166713E-002   0.1005467E+001   0.2000000E+003   0.1975613E+003   0.1693315E+006   0.0000000E+000   0.1583877E-001   0.4463192E-004   0.1588340E-001   0.5077841E-007   0.1960806E+003   0.3948825E-003   0.0000000E+000   0.0000000E+000   0.0000000E+000   0.1000000E+001          020          020
          072   0.7200000E+002   0.1420000E+005   0.2937562E+003   0.9834327E+006   0.1166466E-002   0.1005259E+001   0.2000000E+003   0.1975193E+003   0.1693315E+006   0.0000000E+000   0.1583327E-001   0.5013428E-004   0.1588340E-001   0.5702658E-007   0.1960390E+003   0.4105621E-003   0.0000000E+000   0.0000000E+000   0.0000000E+000   0.1000000E+001          020          020
          073   0.7300000E+002   0.1440000E+005   0.2937503E+003   0.9832041E+006   0.1166218E-002   0.1005052E+001   0.2000000E+003   0.1974774E+003   0.1693315E+006   0.0000000E+000   0.1582777E-001   0.5562553E-004   0.1588340E-001   0.6325953E-007   0.1959974E+003   0.4250974E-003   0.0000000E+000   0.0000000E+000   0.0000000E+000   0.1000000E+001          020          020
          074   0.7400000E+002   0.1460000E+005   0.2937443E+003   0.9829756E+006   0.1165971E-002   0.1004854E+001   0.2000000E+003   0.1974356E+003   0.1693315E+006   0.0000000E+000   0.1582232E-001   0.6107974E-004   0.1588340E-001   0.6944778E-007   0.1959558E+003   0.4386111E-003   0.0000000E+000   0.0000000E+000   0.0000000E+000   0.1000000E+001          020          020
          075   0.7500000E+002   0.1480000E+005   0.2937381E+003   0.9827471E+006   0.1165724E-002   0.1004667E+001   0.2000000E+003   0.1973938E+003   0.1693315E+006   0.0000000E+000   0.1581692E-001   0.6648017E-004   0.1588340E-001   0.7557234E-007   0.1959144E+003   0.4512167E-003   0.0000000E+000   0.0000000E+000   0.0000000E+000   0.1000000E+001          020          020
          076   0.7600000E+002   0.1500000E+005   0.2937318E+003   0.9825186E+006   0.1165478E-002   0.1004493E+001   0.2000000E+003   0.1973521E+003   0.1693315E+006   0.0000000E+000   0.1581158E-001   0.7181729E-004   0.1588340E-001   0.8162245E-007   0.1958730E+003   0.4630176E-003   0.0000000E+000   0.0000000E+000   0.0000000E+000   0.1000000E+001          020          020
          077   0.7700000E+002   0.1520000E+005   0.2937254E+003   0.9822902E+006   0.1165233E-002   0.1004333E+001   0.2000000E+003   0.1973106E+003   0.1693315E+006   0.0000000E+000   0.1580631E-001   0.7708702E-004   0.1588340E-001   0.8759353E-007   0.1958318E+003   0.4741069E-003   0.0000000E+000   0.0000000E+000   0.0000000E+000   0.1000000E+001          020          020
          078   0.7800000E+002   0.1540000E+005   0.2937187E+003   0.9820619E+006   0.1164988E-002   0.1004187E+001   0.2000000E+003   0.1972692E+003   0.1693315E+006   0.0000000E+000   0.1580111E-001   0.8228919E-004   0.1588340E-001   0.9348543E-007   0.1957907E+003   0.4845669E-003   0.0000000E+000   0.0000000E+000   0.0000000E+000   0.1000000E+001          020          020
          079   0.7900000E+002   0.1560000E+005   0.2937120E+003   0.9818335E+006   0.1164744E-002   0.1004054E+001   0.2000000E+003   0.1972278E+003   0.1693315E+006   0.0000000E+000   0.1579597E-001   0.8742623E-004   0.1588340E-001   0.9930097E-007   0.1957497E+003   0.4944706E-003   0.0000000E+000   0.0000000E+000   0.0000000E+000   0.1000000E+001          020          020
          080   0.8000000E+002   0.1580000E+005   0.2937051E+003   0.9816053E+006   0.1164501E-002   0.1003934E+001   0.2000000E+003   0.1971866E+003   0.1693315E+006   0.0000000E+000   0.1579090E-001   0.9250223E-004   0.1588340E-001   0.1050448E-006   0.1957088E+003   0.5038813E-003   0.0000000E+000   0.0000000E+000   0.0000000E+000   0.1000000E+001          020          020
          081   0.8100000E+002   0.1600000E+005   0.2936980E+003   0.9813771E+006   0.1164258E-002   0.1003826E+001   0.2000000E+003   0.1971455E+003   0.1693315E+006   0.0000000E+000   0.1578588E-001   0.9752219E-004   0.1588340E-001   0.1107228E-006   0.1956680E+003   0.5128545E-003   0.0000000E+000   0.0000000E+000   0.0000000E+000   0.1000000E+001          020          020
          082   0.8200000E+002   0.1620000E+005   0.2936908E+003   0.9811489E+006   0.1164016E-002   0.1003728E+001   0.2000000E+003   0.1971045E+003   0.1693315E+006   0.0000000E+000   0.1578091E-001   0.1024915E-003   0.1588340E-001   0.1163409E-006   0.1956273E+003   0.5214379E-003   0.0000000E+000   0.0000000E+000   0.0000000E+000   0.1000000E+001          020          020
          083   0.8300000E+002   0.1640000E+005   0.2936836E+003   0.9809208E+006   0.1163774E-002   0.1003639E+001   0.2000000E+003   0.1970635E+003   0.1693315E+006   0.0000000E+000   0.1577598E-001   0.1074155E-003   0.1588340E-001   0.1219054E-006   0.1955866E+003   0.5296730E-003   0.0000000E+000   0.0000000E+000   0.0000000E+000   0.1000000E+001          020          020
          084   0.8400000E+002   0.1660000E+005   0.2936762E+003   0.9806927E+006   0.1163532E-002   0.1003559E+001   0.2000000E+003   0.1970227E+003   0.1693315E+006   0.0000000E+000   0.1577110E-001   0.1122993E-003   0.1588340E-001   0.1274221E-006   0.1955461E+003   0.5375954E-003   0.0000000E+000   0.0000000E+000   0.0000000E+000   0.1000000E+001          020          020
          085   0.8500000E+002   0.1680000E+005   0.2936688E+003   0.9804647E+006   0.1163291E-002   0.1003486E+001   0.2000000E+003   0.1969819E+003   0.1693315E+006   0.0000000E+000   0.1576625E-001   0.1171478E-003   0.1588340E-001   0.1328964E-006   0.1955055E+003   0.5452359E-003   0.0000000E+000   0.0000000E+000   0.0000000E+000   0.1000000E+001          020          020
          086   0.8600000E+002   0.1700000E+005   0.2936612E+003   0.9802367E+006   0.1163051E-002   0.1003420E+001   0.2000000E+003   0.1969411E+003   0.1693315E+006   0.0000000E+000   0.1576143E-001   0.1219652E-003   0.1588340E-001   0.1383333E-006   0.1954651E+003   0.5526211E-003   0.0000000E+000   0.0000000E+000   0.0000000E+000   0.1000000E+001          020          020
          087   0.8700000E+002   0.1720000E+005   0.2936536E+003   0.9800087E+006   0.1162810E-002   0.1003359E+001   0.2000000E+003   0.1969004E+003   0.1693315E+006   0.0000000E+000   0.1575664E-001   0.1267555E-003   0.1588340E-001   0.1437373E-006   0.1954247E+003   0.5597739E-003   0.0000000E+000   0.0000000E+000   0.0000000E+000   0.1000000E+001          020          020
          088   0.8800000E+002   0.1740000E+005   0.2936460E+003   0.9797809E+006   0.1162570E-002   0.1003303E+001   0.2000000E+003   0.1968597E+003   0.1693315E+006   0.0000000E+000   0.1575188E-001   0.1315220E-003   0.1588340E-001   0.1491120E-006   0.1953843E+003   0.5667141E-003   0.0000000E+000   0.0000000E+000   0.0000000E+000   0.1000000E+001          020          020
          089   0.8900000E+002   0.1760000E+005   0.2936383E+003   0.9795530E+006   0.1162330E-002   0.1003251E+001   0.2000000E+003   0.1968191E+003   0.1693315E+006   0.0000000E+000   0.1574713E-001   0.1362676E-003   0.1588340E-001   0.1544610E-006   0.1953440E+003   0.5734591E-003   0.0000000E+000   0.0000000E+000   0.0000000E+000   0.1000000E+001          020          020
          090   0.9000000E+002   0.1780000E+005   0.2936306E+003   0.9793252E+006   0.1162091E-002   0.1003204E+001   0.2000000E+003   0.1967785E+003   0.1693315E+006   0.0000000E+000   0.1574240E-001   0.1409949E-003   0.1588340E-001   0.1597871E-006   0.1953037E+003   0.5800239E-003   0.0000000E+000   0.0000000E+000   0.0000000E+000   0.1000000E+001          020          020
          091   0.9100000E+002   0.1800000E+005   0.2936228E+003   0.9790975E+006   0.1161851E-002   0.1003159E+001   0.2000000E+003   0.1967380E+003   0.1693315E+006   0.0000000E+000   0.1573769E-001   0.1457062E-003   0.1588340E-001   0.1650929E-006   0.1952635E+003   0.5864217E-003   0.0000000E+000   0.0000000E+000   0.0000000E+000   0.1000000E+001          020          020
          092   0.9200000E+002   0.1820000E+005   0.2936150E+003   0.9788698E+006   0.1161612E-002   0.1003117E+001   0.2000000E+003   0.1966975E+003   0.1693315E+006   0.0000000E+000   0.1573300E-001   0.1504032E-003   0.1588340E-001   0.1703804E-006   0.1952233E+003   0.5926642E-003   0.0000000E+000   0.0000000E+000   0.0000000E+000   0.1000000E+001          020          020
          093   0.9300000E+002   0.1840000E+005   0.2936071E+003   0.9786421E+006   0.1161373E-002   0.1003078E+001   0.2000000E+003   0.1966570E+003   0.1693315E+006   0.0000000E+000   0.1572831E-001   0.1550877E-003   0.1588340E-001   0.1756516E-006   0.1951831E+003   0.5987617E-003   0.0000000E+000   0.0000000E+000   0.0000000E+000   0.1000000E+001          020          020
          094   0.9400000E+002   0.1860000E+005   0.2935993E+003   0.9784145E+006   0.1161134E-002   0.1003041E+001   0.2000000E+003   0.1966165E+003   0.1693315E+006   0.0000000E+000   0.1572364E-001   0.1597610E-003   0.1588340E-001   0.1809079E-006   0.1951429E+003   0.6047233E-003   0.0000000E+000   0.0000000E+000   0.0000000E+000   0.1000000E+001          020          020
          095   0.9500000E+002   0.1880000E+005   0.2935914E+003   0.9781870E+006   0.1160895E-002   0.1003006E+001   0.2000000E+003   0.1965760E+003   0.1693315E+006   0.0000000E+000   0.1571898E-001   0.1644242E-003   0.1588340E-001   0.1861507E-006   0.1951028E+003   0.6105572E-003   0.0000000E+000   0.0000000E+000   0.0000000E+000   0.1000000E+001          020          020
          096   0.9600000E+002   0.1900000E+005   0.2935835E+003   0.9779594E+006   0.1160656E-002   0.1002973E+001   0.2000000E+003   0.1965356E+003   0.1693315E+006   0.0000000E+000   0.1571432E-001   0.1690784E-003   0.1588340E-001   0.1913812E-006   0.1950627E+003   0.6162707E-003   0.0000000E+000   0.0000000E+000   0.0000000E+000   0.1000000E+001          020          020
          097   0.9700000E+002   0.1920000E+005   0.2935755E+003   0.9777320E+006   0.1160418E-002   0.1002942E+001   0.2000000E+003   0.1964952E+003   0.1693315E+006   0.0000000E+000   0.1570968E-001   0.1737244E-003   0.1588340E-001   0.1966003E-006   0.1950226E+003   0.6218704E-003   0.0000000E+000   0.0000000E+000   0.0000000E+000   0.1000000E+001          020          020
          098   0.9800000E+002   0.1940000E+005   0.2935676E+003   0.9775046E+006   0.1160179E-002   0.1002912E+001   0.2000000E+003   0.1964548E+003   0.1693315E+006   0.0000000E+000   0.1570504E-001   0.1783630E-003   0.1588340E-001   0.2018090E-006   0.1949825E+003   0.6273623E-003   0.0000000E+000   0.0000000E+000   0.0000000E+000   0.1000000E+001          020          020
          099   0.9900000E+002   0.1960000E+005   0.2935596E+003   0.9772772E+006   0.1159941E-002   0.1002883E+001   0.2000000E+003   0.1964145E+003   0.1693315E+006   0.0000000E+000   0.1570041E-001   0.1829948E-003   0.1588340E-001   0.2070078E-006   0.1949424E+003   0.6327520E-003   0.0000000E+000   0.0000000E+000   0.0000000E+000   0.1000000E+001          020          020
          100   0.1000000E+003   0.1980000E+005   0.2935516E+003   0.9770499E+006   0.1159702E-002   0.1002856E+001   0.2000000E+003   0.1963741E+003   0.1693315E+006   0.0000000E+000   0.1569578E-001   0.1876204E-003   0.1588340E-001   0.2121976E-006   0.1949024E+003   0.6380442E-003   0.0000000E+000   0.0000000E+000   0.0000000E+000   0.1000000E+001          020          020
          101   0.1010000E+003   0.2000000E+005   0.2935436E+003   0.9768226E+006   0.1159464E-002   0.1002830E+001   0.2000000E+003   0.1963338E+003   0.1693315E+006   0.0000000E+000   0.1569116E-001   0.1922403E-003   0.1588340E-001   0.2173788E-006   0.1948623E+003   0.6432438E-003   0.0000000E+000   0.0000000E+000   0.0000000E+000   0.1000000E+001          020          020
          102   0.1020000E+003   0.2020000E+005   0.2935356E+003   0.9765954E+006   0.1159226E-002   0.1002805E+001   0.2000000E+003   0.1962935E+003   0.1693315E+006   0.0000000E+000   0.1568654E-001   0.1968549E-003   0.1588340E-001   0.2225518E-006   0.1948223E+003   0.6483548E-003   0.0000000E+000   0.0000000E+000   0.0000000E+000   0.1000000E+001          020          020
          103   0.1030000E+003   0.2040000E+005   0.2935276E+003   0.9763682E+006   0.1158988E-002   0.1002781E+001   0.2000000E+003   0.1962532E+003   0.1693315E+006   0.0000000E+000   0.1568194E-001   0.2014645E-003   0.1588340E-001   0.2277173E-006   0.1947823E+003   0.6533812E-003   0.0000000E+000   0.0000000E+000   0.0000000E+000   0.1000000E+001          020          020
          104   0.1040000E+003   0.2060000E+005   0.2935196E+003   0.9761410E+006   0.1158750E-002   0.1002757E+001   0.2000000E+003   0.1962129E+003   0.1693315E+006   0.0000000E+000   0.1567733E-001   0.2060696E-003   0.1588340E-001   0.2328755E-006   0.1947423E+003   0.6583265E-003   0.0000000E+000   0.0000000E+000   0.0000000E+000   0.1000000E+001          020          020
          105   0.1050000E+003   0.2080000E+005   0.2935115E+003   0.9759139E+006   0.1158512E-002   0.1002735E+001   0.2000000E+003   0.1961726E+003   0.1693315E+006   0.0000000E+000   0.1567273E-001   0.2106704E-003   0.1588340E-001   0.2380267E-006   0.1947024E+003   0.6631941E-003   0.0000000E+000   0.0000000E+000   0.0000000E+000   0.1000000E+001          020          020
          106   0.1060000E+003   0.2100000E+005   0.2935035E+003   0.9756869E+006   0.1158275E-002   0.1002713E+001   0.2000000E+003   0.1961323E+003   0.1693315E+006   0.0000000E+000   0.1566813E-001   0.2152672E-003   0.1588340E-001   0.2431713E-006   0.1946624E+003   0.6679871E-003   0.0000000E+000   0.0000000E+000   0.0000000E+000   0.1000000E+001          020          020
          107   0.1070000E+003   0.2120000E+005   0.2934954E+003   0.9754599E+006   0.1158037E-002   0.1002692E+001   0.2000000E+003   0.1960921E+003   0.1693315E+006   0.0000000E+000   0.1566354E-001   0.2198601E-003   0.1588340E-001   0.2483095E-006   0.1946224E+003   0.6727085E-003   0.0000000E+000   0.0000000E+000   0.0000000E+000   0.1000000E+001          020          020
          108   0.1080000E+003   0.2140000E+005   0.2934874E+003   0.9752329E+006   0.1157799E-002   0.1002672E+001   0.2000000E+003   0.1960519E+003   0.1693315E+006   0.0000000E+000   0.1565895E-001   0.2244495E-003   0.1588340E-001   0.2534417E-006   0.1945825E+003   0.6773610E-003   0.0000000E+000   0.0000000E+000   0.0000000E+000   0.1000000E+001          020          020
          109   0.1090000E+003   0.2160000E+005   0.2934793E+003   0.9750060E+006   0.1157562E-002   0.1002652E+001   0.2000000E+003   0.1960116E+003   0.1693315E+006   0.0000000E+000   0.1565436E-001   0.2290356E-003   0.1588340E-001   0.2585680E-006   0.1945426E+003   0.6819470E-003   0.0000000E+000   0.0000000E+000   0.0000000E+000   0.1000000E+001          020          020
          110   0.1100000E+003   0.2180000E+005   0.2934712E+003   0.9747792E+006   0.1157324E-002   0.1002633E+001   0.2000000E+003   0.1959714E+003   0.1693315E+006   0.0000000E+000   0.1564978E-001   0.2336184E-003   0.1588340E-001   0.2636885E-006   0.1945027E+003   0.6864691E-003   0.0000000E+000   0.0000000E+000   0.0000000E+000   0.1000000E+001          020          020
          111   0.1110000E+003   0.2200000E+005   0.2934631E+003   0.9745524E+006   0.1157087E-002   0.1002615E+001   0.2000000E+003   0.1959312E+003   0.1693315E+006   0.0000000E+000   0.1564520E-001   0.2381982E-003   0.1588340E-001   0.2688036E-006   0.1944628E+003   0.6909295E-003   0.0000000E+000   0.0000000E+000   0.0000000E+000   0.1000000E+001          020          020
          112   0.1120000E+003   0.2220000E+005   0.2934550E+003   0.9743256E+006   0.1156849E-002   0.1002597E+001   0.2000000E+003   0.1958910E+003   0.1693315E+006   0.0000000E+000   0.1564062E-001   0.2427751E-003   0.1588340E-001   0.2739134E-006   0.1944229E+003   0.6953302E-003   0.0000000E+000   0.0000000E+000   0.0000000E+000   0.1000000E+001          020          020
          113   0.1130000E+003   0.2240000E+005   0.2934469E+003   0.9740989E+006   0.1156612E-002   0.1002580E+001   0.2000000E+003   0.1958509E+003   0.1693315E+006   0.0000000E+000   0.1563605E-001   0.2473493E-003   0.1588340E-001   0.2790180E-006   0.1943830E+003   0.6996734E-003   0.0000000E+000   0.0000000E+000   0.0000000E+000   0.1000000E+001          020          020
          114   0.1140000E+003   0.2260000E+005   0.2934388E+003   0.9738722E+006   0.1156375E-002   0.1002563E+001   0.2000000E+003   0.1958107E+003   0.1693315E+006   0.0000000E+000   0.1563148E-001   0.2519208E-003   0.1588340E-001   0.2841176E-006   0.1943432E+003   0.7039609E-003   0.0000000E+000   0.0000000E+000   0.0000000E+000   0.1000000E+001          020          020
          115   0.1150000E+003   0.2280000E+005   0.2934307E+003   0.9736456E+006   0.1156138E-002   0.1002546E+001   0.2000000E+003   0.1957705E+003   0.1693315E+006   0.0000000E+000   0.1562691E-001   0.2564899E-003   0.1588340E-001   0.2892123E-006   0.1943033E+003   0.7081945E-003   0.0000000E+000   0.0000000E+000   0.0000000E+000   0.1000000E+001          020          020
          116   0.1160000E+003   0.2300000E+005   0.2934226E+003   0.9734190E+006   0.1155901E-002   0.1002530E+001   0.2000000E+003   0.1957304E+003   0.1693315E+006   0.0000000E+000   0.1562234E-001   0.2610566E-003   0.1588340E-001   0.2943023E-006   0.1942635E+003   0.7123760E-003   0.0000000E+000   0.0000000E+000   0.0000000E+000   0.1000000E+001          020          020
          117   0.1170000E+003   0.2320000E+005   0.2934145E+003   0.9731925E+006   0.1155664E-002   0.1002515E+001   0.2000000E+003   0.1956903E+003   0.1693315E+006   0.0000000E+000   0.1561778E-001   0.2656209E-003   0.1588340E-001   0.2993876E-006   0.1942236E+003   0.7165068E-003   0.0000000E+000   0.0000000E+000   0.0000000E+000   0.1000000E+001          020          020
          118   0.1180000E+003   0.2340000E+005   0.2934063E+003   0.9729660E+006   0.1155427E-002   0.1002500E+001   0.2000000E+003   0.1956501E+003   0.1693315E+006   0.0000000E+000   0.1561322E-001   0.2701831E-003   0.1588340E-001   0.3044683E-006   0.1941838E+003   0.7205887E-003   0.0000000E+000   0.0000000E+000   0.0000000E+000   0.1000000E+001          020          020
          119   0.1190000E+003   0.2360000E+005   0.2933982E+003   0.9727395E+006   0.1155190E-002   0.1002485E+001   0.2000000E+003   0.1956100E+003   0.1693315E+006   0.0000000E+000   0.1560866E-001   0.2747431E-003   0.1588340E-001   0.3095446E-006   0.1941440E+003   0.7246229E-003   0.0000000E+000   0.0000000E+000   0.0000000E+000   0.1000000E+001          020          020
          120   0.1200000E+003   0.2380000E+005   0.2933901E+003   0.9725131E+006   0.1154953E-002   0.1002471E+001   0.2000000E+003   0.1955699E+003   0.1693315E+006   0.0000000E+000   0.1560410E-001   0.2793011E-003   0.1588340E-001   0.3146166E-006   0.1941042E+003   0.7286110E-003   0.0000000E+000   0.0000000E+000   0.0000000E+000   0.1000000E+001          020          020
          121   0.1210000E+003   0.2400000E+005   0.2933819E+003   0.9722868E+006   0.1154716E-002   0.1002456E+001   0.2000000E+003   0.1955298E+003   0.1693315E+006   0.0000000E+000   0.1559954E-001   0.2838572E-003   0.1588340E-001   0.3196843E-006   0.1940644E+003   0.7325543E-003   0.0000000E+000   0.0000000E+000   0.0000000E+000   0.1000000E+001          020          020
          122   0.1220000E+003   0.2420000E+005   0.2933738E+003   0.9720605E+006   0.1154480E-002   0.1002443E+001   0.2000000E+003   0.1954898E+003   0.1693315E+006   0.0000000E+000   0.1559499E-001   0.2884114E-003   0.1588340E-001   0.3247479E-006   0.1940246E+003   0.7364539E-003   0.0000000E+000   0.0000000E+000   0.0000000E+000   0.1000000E+001          020          020
          123   0.1230000E+003   0.2440000E+005   0.2933656E+003   0.9718342E+006   0.1154243E-002   0.1002429E+001   0.2000000E+003   0.1954497E+003   0.1693315E+006   0.0000000E+000   0.1559044E-001   0.2929637E-003   0.1588340E-001   0.3298074E-006   0.1939849E+003   0.7403112E-003   0.0000000E+000   0.0000000E+000   0.0000000E+000   0.1000000E+001          020          020
          124   0.1240000E+003   0.2460000E+005   0.2933575E+003   0.9716080E+006   0.1154007E-002   0.1002416E+001   0.2000000E+003   0.1954096E+003   0.1693315E+006   0.0000000E+000   0.1558589E-001   0.2975143E-003   0.1588340E-001   0.3348628E-006   0.1939451E+003   0.7441273E-003   0.0000000E+000   0.0000000E+000   0.0000000E+000   0.1000000E+001          020          020
          125   0.1250000E+003   0.2480000E+005   0.2933493E+003   0.9713819E+006   0.1153770E-002   0.1002403E+001   0.2000000E+003   0.1953696E+003   0.1693315E+006   0.0000000E+000   0.1558134E-001   0.3020632E-003   0.1588340E-001   0.3399143E-006   0.1939054E+003   0.7479032E-003   0.0000000E+000   0.0000000E+000   0.0000000E+000   0.1000000E+001          020          020
          126   0.1260000E+003   0.2500000E+005   0.2933411E+003   0.9711558E+006   0.1153534E-002   0.1002391E+001   0.2000000E+003   0.1953295E+003   0.1693315E+006   0.0000000E+000   0.1557679E-001   0.3066105E-003   0.1588340E-001   0.3449618E-006   0.1938656E+003   0.7516400E-003   0.0000000E+000   0.0000000E+000   0.0000000E+000   0.1000000E+001          020          020
          127   0.1270000E+003   0.2520000E+005   0.2933330E+003   0.9709297E+006   0.1153297E-002   0.1002379E+001   0.2000000E+003   0.1952895E+003   0.1693315E+006   0.0000000E+000   0.1557224E-001   0.3111562E-003   0.1588340E-001   0.3500056E-006   0.1938259E+003   0.7553388E-003   0.0000000E+000   0.0000000E+000   0.0000000E+000   0.1000000E+001          020          020
          128   0.1280000E+003   0.2540000E+005   0.2933248E+003   0.9707037E+006   0.1153061E-002   0.1002367E+001   0.2000000E+003   0.1952495E+003   0.1693315E+006   0.0000000E+000   0.1556770E-001   0.3157003E-003   0.1588340E-001   0.3550456E-006   0.1937862E+003   0.7590006E-003   0.0000000E+000   0.0000000E+000   0.0000000E+000   0.1000000E+001          020          020
          129   0.1290000E+003   0.2560000E+005   0.2933166E+003   0.9704777E+006   0.1152824E-002   0.1002355E+001   0.2000000E+003   0.1952095E+003   0.1693315E+006   0.0000000E+000   0.1556316E-001   0.3202430E-003   0.1588340E-001   0.3600818E-006   0.1937465E+003   0.7626261E-003   0.0000000E+000   0.0000000E+000   0.0000000E+000   0.1000000E+001          020          020
          130   0.1300000E+003   0.2580000E+005   0.2933084E+003   0.9702518E+006   0.1152588E-002   0.1002343E+001   0.2000000E+003   0.1951695E+003   0.1693315E+006   0.0000000E+000   0.1555862E-001   0.3247842E-003   0.1588340E-001   0.3651144E-006   0.1937067E+003   0.7662164E-003   0.0000000E+000   0.0000000E+000   0.0000000E+000   0.1000000E+001          020          020
          131   0.1310000E+003   0.2600000E+005   0.2933003E+003   0.9700259E+006   0.1152352E-002   0.1002332E+001   0.2000000E+003   0.1951295E+003   0.1693315E+006   0.0000000E+000   0.1555408E-001   0.3293240E-003   0.1588340E-001   0.3701434E-006   0.1936671E+003   0.7697723E-003   0.0000000E+000   0.0000000E+000   0.0000000E+000   0.1000000E+001          020          020
          132   0.1320000E+003   0.2620000E+005   0.2932921E+003   0.9698000E+006   0.1152116E-002   0.1002321E+001   0.2000000E+003   0.1950895E+003   0.1693315E+006   0.0000000E+000   0.1554954E-001   0.3338624E-003   0.1588340E-001   0.3751688E-006   0.1936274E+003   0.7732946E-003   0.0000000E+000   0.0000000E+000   0.0000000E+000   0.1000000E+001          020          020
          133   0.1330000E+003   0.2640000E+005   0.2932839E+003   0.9695742E+006   0.1151880E-002   0.1002310E+001   0.2000000E+003   0.1950495E+003   0.1693315E+006   0.0000000E+000   0.1554500E-001   0.3383995E-003   0.1588340E-001   0.3801907E-006   0.1935877E+003   0.7767841E-003   0.0000000E+000   0.0000000E+000   0.0000000E+000   0.1000000E+001          020          020
          134   0.1340000E+003   0.2660000E+005   0.2932757E+003   0.9693485E+006   0.1151644E-002   0.1002300E+001   0.2000000E+003   0.1950096E+003   0.1693315E+006   0.0000000E+000   0.1554046E-001   0.3429353E-003   0.1588340E-001   0.3852091E-006   0.1935480E+003   0.7802415E-003   0.0000000E+000   0.0000000E+000   0.0000000E+000   0.1000000E+001          020          020
          135   0.1350000E+003   0.2680000E+005   0.2932675E+003   0.9691228E+006   0.1151408E-002   0.1002289E+001   0.2000000E+003   0.1949696E+003   0.1693315E+006   0.0000000E+000   0.1553593E-001   0.3474699E-003   0.1588340E-001   0.3902240E-006   0.1935084E+003   0.7836677E-003   0.0000000E+000   0.0000000E+000   0.0000000E+000   0.1000000E+001          020          020
          136   0.1360000E+003   0.2700000E+005   0.2932593E+003   0.9688971E+006   0.1151172E-002   0.1002279E+001   0.2000000E+003   0.1949296E+003   0.1693315E+006   0.0000000E+000   0.1553140E-001   0.3520032E-003   0.1588340E-001   0.3952355E-006   0.1934687E+003   0.7870633E-003   0.0000000E+000   0.0000000E+000   0.0000000E+000   0.1000000E+001          020          020
          137   0.1370000E+003   0.2720000E+005   0.2932511E+003   0.9686715E+006   0.1150936E-002   0.1002269E+001   0.2000000E+003   0.1948897E+003   0.1693315E+006   0.0000000E+000   0.1552686E-001   0.3565354E-003   0.1588340E-001   0.4002437E-006   0.1934291E+003   0.7904289E-003   0.0000000E+000   0.0000000E+000   0.0000000E+000   0.1000000E+001          020          020
          138   0.1380000E+003   0.2740000E+005   0.2932429E+003   0.9684460E+006   0.1150700E-002   0.1002259E+001   0.2000000E+003   0.1948498E+003   0.1693315E+006   0.0000000E+000   0.1552233E-001   0.3610664E-003   0.1588340E-001   0.4052485E-006   0.1933894E+003   0.7937653E-003   0.0000000E+000   0.0000000E+000   0.0000000E+000   0.1000000E+001          020          020
          139   0.1390000E+003   0.2760000E+005   0.2932347E+003   0.9682205E+006   0.1150464E-002   0.1002249E+001   0.2000000E+003   0.1948099E+003   0.1693315E+006   0.0000000E+000   0.1551780E-001   0.3655962E-003   0.1588340E-001   0.4102500E-006   0.1933498E+003   0.7970731E-003   0.0000000E+000   0.0000000E+000   0.0000000E+000   0.1000000E+001          020          020
          140   0.1400000E+003   0.2780000E+005   0.2932265E+003   0.9679950E+006   0.1150229E-002   0.1002240E+001   0.2000000E+003   0.1947699E+003   0.1693315E+006   0.0000000E+000   0.1551327E-001   0.3701249E-003   0.1588340E-001   0.4152483E-006   0.1933102E+003   0.8003529E-003   0.0000000E+000   0.0000000E+000   0.0000000E+000   0.1000000E+001          020          020
          141   0.1410000E+003   0.2800000E+005   0.2932183E+003   0.9677696E+006   0.1149993E-002   0.1002231E+001   0.2000000E+003   0.1947300E+003   0.1693315E+006   0.0000000E+000   0.1550875E-001   0.3746526E-003   0.1588340E-001   0.4202433E-006   0.1932706E+003   0.8036053E-003   0.0000000E+000   0.0000000E+000   0.0000000E+000   0.1000000E+001          020          020
          142   0.1420000E+003   0.2820000E+005   0.2932101E+003   0.9675442E+006   0.1149758E-002   0.1002221E+001   0.2000000E+003   0.1946901E+003   0.1693315E+006   0.0000000E+000   0.1550422E-001   0.3791792E-003   0.1588340E-001   0.4252351E-006   0.1932310E+003   0.8068308E-003   0.0000000E+000   0.0000000E+000   0.0000000E+000   0.1000000E+001          020          020
          143   0.1430000E+003   0.2840000E+005   0.2932018E+003   0.9673189E+006   0.1149522E-002   0.1002212E+001   0.2000000E+003   0.1946503E+003   0.1693315E+006   0.0000000E+000   0.1549970E-001   0.3837047E-003   0.1588340E-001   0.4302237E-006   0.1931914E+003   0.8100300E-003   0.0000000E+000   0.0000000E+000   0.0000000E+000   0.1000000E+001          020          020
          144   0.1440000E+003   0.2860000E+005   0.2931936E+003   0.9670936E+006   0.1149286E-002   0.1002204E+001   0.2000000E+003   0.1946104E+003   0.1693315E+006   0.0000000E+000   0.1549517E-001   0.3882293E-003   0.1588340E-001   0.4352091E-006   0.1931518E+003   0.8132035E-003   0.0000000E+000   0.0000000E+000   0.0000000E+000   0.1000000E+001          020          020
          145   0.1450000E+003   0.2880000E+005   0.2931854E+003   0.9668684E+006   0.1149051E-002   0.1002195E+001   0.2000000E+003   0.1945705E+003   0.1693315E+006   0.0000000E+000   0.1549065E-001   0.3927528E-003   0.1588340E-001   0.4401914E-006   0.1931123E+003   0.8163517E-003   0.0000000E+000   0.0000000E+000   0.0000000E+000   0.1000000E+001          020          020
          146   0.1460000E+003   0.2900000E+005   0.2931772E+003   0.9666432E+006   0.1148816E-002   0.1002186E+001   0.2000000E+003   0.1945306E+003   0.1693315E+006   0.0000000E+000   0.1548612E-001   0.3972754E-003   0.1588340E-001   0.4451706E-006   0.1930727E+003   0.8194752E-003   0.0000000E+000   0.0000000E+000   0.0000000E+000   0.1000000E+001          020          020
          147   0.1470000E+003   0.2920000E+005   0.2931690E+003   0.9664180E+006   0.1148580E-002   0.1002178E+001   0.2000000E+003   0.1944908E+003   0.1693315E+006   0.0000000E+000   0.1548160E-001   0.4017970E-003   0.1588340E-001   0.4501467E-006   0.1930332E+003   0.8225744E-003   0.0000000E+000   0.0000000E+000   0.0000000E+000   0.1000000E+001          020          020
          148   0.1480000E+003   0.2940000E+005   0.2931607E+003   0.9661929E+006   0.1148345E-002   0.1002170E+001   0.2000000E+003   0.1944510E+003   0.1693315E+006   0.0000000E+000   0.1547708E-001   0.4063177E-003   0.1588340E-001   0.4551198E-006   0.1929936E+003   0.8256498E-003   0.0000000E+000   0.0000000E+000   0.0000000E+000   0.1000000E+001          020          020
          149   0.1490000E+003   0.2960000E+005   0.2931525E+003   0.9659679E+006   0.1148110E-002   0.1002162E+001   0.2000000E+003   0.1944111E+003   0.1693315E+006   0.0000000E+000   0.1547256E-001   0.4108375E-003   0.1588340E-001   0.4600898E-006   0.1929541E+003   0.8287019E-003   0.0000000E+000   0.0000000E+000   0.0000000E+000   0.1000000E+001          020          020
          150   0.1500000E+003   0.2980000E+005   0.2931443E+003   0.9657429E+006   0.1147875E-002   0.1002154E+001   0.2000000E+003   0.1943713E+003   0.1693315E+006   0.0000000E+000   0.1546804E-001   0.4153564E-003   0.1588340E-001   0.4650568E-006   0.1929145E+003   0.8317310E-003   0.0000000E+000   0.0000000E+000   0.0000000E+000   0.1000000E+001          020          020
          151   0.1510000E+003   0.3000000E+005   0.2931360E+003   0.9655179E+006   0.1147639E-002   0.1002146E+001   0.2000000E+003   0.1943315E+003   0.1693315E+006   0.0000000E+000   0.1546353E-001   0.4198744E-003   0.1588340E-001   0.4700207E-006   0.1928750E+003   0.8347377E-003   0.0000000E+000   0.0000000E+000   0.0000000E+000   0.1000000E+001          020          020
          152   0.1520000E+003   0.3020000E+005   0.2931278E+003   0.9652930E+006   0.1147404E-002   0.1002138E+001   0.2000000E+003   0.1942917E+003   0.1693315E+006   0.0000000E+000   0.1545901E-001   0.4243916E-003   0.1588340E-001   0.4749817E-006   0.1928355E+003   0.8377224E-003   0.0000000E+000   0.0000000E+000   0.0000000E+000   0.1000000E+001          020          020
          153   0.1530000E+003   0.3040000E+005   0.2931196E+003   0.9650681E+006   0.1147169E-002   0.1002130E+001   0.2000000E+003   0.1942519E+003   0.1693315E+006   0.0000000E+000   0.1545449E-001   0.4289079E-003   0.1588340E-001   0.4799397E-006   0.1927960E+003   0.8406854E-003   0.0000000E+000   0.0000000E+000   0.0000000E+000   0.1000000E+001          020          020
          154   0.1540000E+003   0.3060000E+005   0.2931113E+003   0.9648433E+006   0.1146934E-002   0.1002123E+001   0.2000000E+003   0.1942121E+003   0.1693315E+006   0.0000000E+000   0.1544998E-001   0.4334233E-003   0.1588340E-001   0.4848948E-006   0.1927565E+003   0.8436271E-003   0.0000000E+000   0.0000000E+000   0.0000000E+000   0.1000000E+001          020          020
          155   0.1550000E+003   0.3080000E+005   0.2931031E+003   0.9646185E+006   0.1146699E-002   0.1002115E+001   0.2000000E+003   0.1941723E+003   0.1693315E+006   0.0000000E+000   0.1544546E-001   0.4379380E-003   0.1588340E-001   0.4898470E-006   0.1927170E+003   0.8465480E-003   0.0000000E+000   0.0000000E+000   0.0000000E+000   0.1000000E+001          020          020
          156   0.1560000E+003   0.3100000E+005   0.2930948E+003   0.9643938E+006   0.1146464E-002   0.1002108E+001   0.2000000E+003   0.1941325E+003   0.1693315E+006   0.0000000E+000   0.1544095E-001   0.4424518E-003   0.1588340E-001   0.4947962E-006   0.1926776E+003   0.8494483E-003   0.0000000E+000   0.0000000E+000   0.0000000E+000   0.1000000E+001          020          020
          157   0.1570000E+003   0.3120000E+005   0.2930866E+003   0.9641691E+006   0.1146229E-002   0.1002101E+001   0.2000000E+003   0.1940927E+003   0.1693315E+006   0.0000000E+000   0.1543644E-001   0.4469649E-003   0.1588340E-001   0.4997425E-006   0.1926381E+003   0.8523285E-003   0.0000000E+000   0.0000000E+000   0.0000000E+000   0.1000000E+001          020          020
          158   0.1580000E+003   0.3140000E+005   0.2930783E+003   0.9639445E+006   0.1145995E-002   0.1002094E+001   0.2000000E+003   0.1940530E+003   0.1693315E+006   0.0000000E+000   0.1543192E-001   0.4514771E-003   0.1588340E-001   0.5046860E-006   0.1925986E+003   0.8551889E-003   0.0000000E+000   0.0000000E+000   0.0000000E+000   0.1000000E+001          020          020
          159   0.1590000E+003   0.3160000E+005   0.2930701E+003   0.9637199E+006   0.1145760E-002   0.1002087E+001   0.2000000E+003   0.1940132E+003   0.1693315E+006   0.0000000E+000   0.1542741E-001   0.4559886E-003   0.1588340E-001   0.5096265E-006   0.1925592E+003   0.8580298E-003   0.0000000E+000   0.0000000E+000   0.0000000E+000   0.1000000E+001          020          020
          160   0.1600000E+003   0.3180000E+005   0.2930618E+003   0.9634953E+006   0.1145525E-002   0.1002080E+001   0.2000000E+003   0.1939735E+003   0.1693315E+006   0.0000000E+000   0.1542290E-001   0.4604994E-003   0.1588340E-001   0.5145643E-006   0.1925197E+003   0.8608515E-003   0.0000000E+000   0.0000000E+000   0.0000000E+000   0.1000000E+001          020          020
          161   0.1610000E+003   0.3200000E+005   0.2930536E+003   0.9632708E+006   0.1145291E-002   0.1002073E+001   0.2000000E+003   0.1939337E+003   0.1693315E+006   0.0000000E+000   0.1541839E-001   0.4650094E-003   0.1588340E-001   0.5194992E-006   0.1924803E+003   0.8636545E-003   0.0000000E+000   0.0000000E+000   0.0000000E+000   0.1000000E+001          020          020
          162   0.1620000E+003   0.3220000E+005   0.2930453E+003   0.9630464E+006   0.1145056E-002   0.1002066E+001   0.2000000E+003   0.1938940E+003   0.1693315E+006   0.0000000E+000   0.1541388E-001   0.4695186E-003   0.1588340E-001   0.5244312E-006   0.1924409E+003   0.8664389E-003   0.0000000E+000   0.0000000E+000   0.0000000E+000   0.1000000E+001          020          020
          163   0.1630000E+003   0.3240000E+005   0.2930371E+003   0.9628220E+006   0.1144821E-002   0.1002059E+001   0.2000000E+003   0.1938543E+003   0.1693315E+006   0.0000000E+000   0.1540937E-001   0.4740272E-003   0.1588340E-001   0.5293605E-006   0.1924014E+003   0.8692051E-003   0.0000000E+000   0.0000000E+000   0.0000000E+000   0.1000000E+001          020          020
          164   0.1640000E+003   0.3260000E+005   0.2930288E+003   0.9625976E+006   0.1144587E-002   0.1002053E+001   0.2000000E+003   0.1938146E+003   0.1693315E+006   0.0000000E+000   0.1540486E-001   0.4785350E-003   0.1588340E-001   0.5342869E-006   0.1923620E+003   0.8719534E-003   0.0000000E+000   0.0000000E+000   0.0000000E+000   0.1000000E+001          020          020
          165   0.1650000E+003   0.3280000E+005   0.2930206E+003   0.9623733E+006   0.1144352E-002   0.1002046E+001   0.2000000E+003   0.1937749E+003   0.1693315E+006   0.0000000E+000   0.1540036E-001   0.4830421E-003   0.1588340E-001   0.5392106E-006   0.1923226E+003   0.8746841E-003   0.0000000E+000   0.0000000E+000   0.0000000E+000   0.1000000E+001          020          020
          166   0.1660000E+003   0.3300000E+005   0.2930123E+003   0.9621490E+006   0.1144118E-002   0.1002040E+001   0.2000000E+003   0.1937352E+003   0.1693315E+006   0.0000000E+000   0.1539585E-001   0.4875486E-003   0.1588340E-001   0.5441314E-006   0.1922832E+003   0.8773975E-003   0.0000000E+000   0.0000000E+000   0.0000000E+000   0.1000000E+001          020          020
          167   0.1670000E+003   0.3320000E+005   0.2930040E+003   0.9619248E+006   0.1143884E-002   0.1002034E+001   0.2000000E+003   0.1936955E+003   0.1693315E+006   0.0000000E+000   0.1539135E-001   0.4920543E-003   0.1588340E-001   0.5490495E-006   0.1922438E+003   0.8800937E-003   0.0000000E+000   0.0000000E+000   0.0000000E+000   0.1000000E+001          020          020
          168   0.1680000E+003   0.3340000E+005   0.2929958E+003   0.9617006E+006   0.1143649E-002   0.1002028E+001   0.2000000E+003   0.1936558E+003   0.1693315E+006   0.0000000E+000   0.1538684E-001   0.4965594E-003   0.1588340E-001   0.5539649E-006   0.1922044E+003   0.8827732E-003   0.0000000E+000   0.0000000E+000   0.0000000E+000   0.1000000E+001          020          020
          169   0.1690000E+003   0.3360000E+005   0.2929875E+003   0.9614765E+006   0.1143415E-002   0.1002021E+001   0.2000000E+003   0.1936161E+003   0.1693315E+006   0.0000000E+000   0.1538234E-001   0.5010638E-003   0.1588340E-001   0.5588775E-006   0.1921651E+003   0.8854361E-003   0.0000000E+000   0.0000000E+000   0.0000000E+000   0.1000000E+001          020          020
          170   0.1700000E+003   0.3380000E+005   0.2929792E+003   0.9612524E+006   0.1143181E-002   0.1002015E+001   0.2000000E+003   0.1935765E+003   0.1693315E+006   0.0000000E+000   0.1537783E-001   0.5055676E-003   0.1588340E-001   0.5637874E-006   0.1921257E+003   0.8880828E-003   0.0000000E+000   0.0000000E+000   0.0000000E+000   0.1000000E+001          020          020
          171   0.1710000E+003   0.3400000E+005   0.2929710E+003   0.9610284E+006   0.1142947E-002   0.1002009E+001   0.2000000E+003   0.1935368E+003   0.1693315E+006   0.0000000E+000   0.1537333E-001   0.5100707E-003   0.1588340E-001   0.5686946E-006   0.1920863E+003   0.8907134E-003   0.0000000E+000   0.0000000E+000   0.0000000E+000   0.1000000E+001          020          020
          172   0.1720000E+003   0.3420000E+005   0.2929627E+003   0.9608044E+006   0.1142712E-002   0.1002004E+001   0.2000000E+003   0.1934972E+003   0.1693315E+006   0.0000000E+000   0.1536883E-001   0.5145732E-003   0.1588340E-001   0.5735990E-006   0.1920470E+003   0.8933282E-003   0.0000000E+000   0.0000000E+000   0.0000000E+000   0.1000000E+001          020          020
          173   0.1730000E+003   0.3440000E+005   0.2929544E+003   0.9605804E+006   0.1142478E-002   0.1001998E+001   0.2000000E+003   0.1934575E+003   0.1693315E+006   0.0000000E+000   0.1536432E-001   0.5190750E-003   0.1588340E-001   0.5785007E-006   0.1920077E+003   0.8959274E-003   0.0000000E+000   0.0000000E+000   0.0000000E+000   0.1000000E+001          020          020
          174   0.1740000E+003   0.3460000E+005   0.2929462E+003   0.9603565E+006   0.1142244E-002   0.1001992E+001   0.2000000E+003   0.1934179E+003   0.1693315E+006   0.0000000E+000   0.1535982E-001   0.5235762E-003   0.1588340E-001   0.5833998E-006   0.1919683E+003   0.8985113E-003   0.0000000E+000   0.0000000E+000   0.0000000E+000   0.1000000E+001          020          020
          175   0.1750000E+003   0.3480000E+005   0.2929379E+003   0.9601327E+006   0.1142010E-002   0.1001986E+001   0.2000000E+003   0.1933783E+003   0.1693315E+006   0.0000000E+000   0.1535532E-001   0.5280768E-003   0.1588340E-001   0.5882961E-006   0.1919290E+003   0.9010801E-003   0.0000000E+000   0.0000000E+000   0.0000000E+000   0.1000000E+001          020          020
          176   0.1760000E+003   0.3500000E+005   0.2929296E+003   0.9599088E+006   0.1141776E-002   0.1001981E+001   0.2000000E+003   0.1933387E+003   0.1693315E+006   0.0000000E+000   0.1535082E-001   0.5325768E-003   0.1588340E-001   0.5931898E-006   0.1918897E+003   0.9036340E-003   0.0000000E+000   0.0000000E+000   0.0000000E+000   0.1000000E+001          020          020
          177   0.1770000E+003   0.3520000E+005   0.2929213E+003   0.9596851E+006   0.1141542E-002   0.1001975E+001   0.2000000E+003   0.1932991E+003   0.1693315E+006   0.0000000E+000   0.1534632E-001   0.5370762E-003   0.1588340E-001   0.5980808E-006   0.1918504E+003   0.9061732E-003   0.0000000E+000   0.0000000E+000   0.0000000E+000   0.1000000E+001          020          020
          178   0.1780000E+003   0.3540000E+005   0.2929130E+003   0.9594614E+006   0.1141309E-002   0.1001970E+001   0.2000000E+003   0.1932595E+003   0.1693315E+006   0.0000000E+000   0.1534182E-001   0.5415749E-003   0.1588340E-001   0.6029692E-006   0.1918111E+003   0.9086979E-003   0.0000000E+000   0.0000000E+000   0.0000000E+000   0.1000000E+001          020          020
          179   0.1790000E+003   0.3560000E+005   0.2929048E+003   0.9592377E+006   0.1141075E-002   0.1001964E+001   0.2000000E+003   0.1932199E+003   0.1693315E+006   0.0000000E+000   0.1533733E-001   0.5460731E-003   0.1588340E-001   0.6078549E-006   0.1917718E+003   0.9112084E-003   0.0000000E+000   0.0000000E+000   0.0000000E+000   0.1000000E+001          020          020
          180   0.1800000E+003   0.3580000E+005   0.2928965E+003   0.9590141E+006   0.1140841E-002   0.1001959E+001   0.2000000E+003   0.1931803E+003   0.1693315E+006   0.0000000E+000   0.1533283E-001   0.5505707E-003   0.1588340E-001   0.6127379E-006   0.1917325E+003   0.9137048E-003   0.0000000E+000   0.0000000E+000   0.0000000E+000   0.1000000E+001          020          020
